{
  "nbformat": 4,
  "nbformat_minor": 0,
  "metadata": {
    "colab": {
      "provenance": [],
      "include_colab_link": true
    },
    "kernelspec": {
      "name": "python3",
      "display_name": "Python 3"
    }
  },
  "cells": [
    {
      "cell_type": "markdown",
      "metadata": {
        "id": "view-in-github",
        "colab_type": "text"
      },
      "source": [
        "<a href=\"https://colab.research.google.com/github/kellysolanomt/MetNumUN2024I/blob/main/Lab6/ksolanoc_week_1_LU_pivoting.ipynb\" target=\"_parent\"><img src=\"https://colab.research.google.com/assets/colab-badge.svg\" alt=\"Open In Colab\"/></a>"
      ]
    },
    {
      "cell_type": "markdown",
      "source": [
        "*Presentado por: Kelly Johana Solano Calderón* ❤️"
      ],
      "metadata": {
        "id": "A8B5k2KbFF3Z"
      }
    },
    {
      "cell_type": "markdown",
      "metadata": {
        "id": "OBc93xD1zMDD"
      },
      "source": [
        "# I. $LU$ factorization of a square matrix\n",
        "When we premultply $A$ by lower triangular elemetary matrices $\\Lambda_j$ it is trasfrommed in an  upper triangular matrix $U$\n",
        "\n",
        "$$  \\Lambda_{n-1}  \\ldots\\Lambda_2  \\Lambda_1 A  = U$$\n",
        "\n",
        "$$  A  = (\\Lambda_{n-1}  \\ldots\\Lambda_2  \\Lambda_2 )^{-1} U$$\n",
        "\n",
        "The inverse of a product of matrices is the revesre product of inverses\n",
        "$$  A  = (\\Lambda_1^{-1}  \\Lambda_2^{-1} \\ldots  \\Lambda_{n-1}^{-1}) U$$\n",
        "\n",
        "and inverse of a Lower Triangular Elemetary Matrix is minus the matrix $\\Lambda_j^{-1} = - \\Lambda_j$, so\n",
        "\n",
        "$$ A  =  (-\\Lambda_1) (-\\Lambda_2) \\ldots   (-\\Lambda_{n-1})  U$$\n",
        "\n",
        "So the $LU$ column pivot factorization is\n",
        "$$  A  = L U$$\n",
        "with\n",
        "$$ U = \\Lambda_{n-1}  \\ldots\\Lambda_2  \\Lambda_1 A  $$\n",
        "an upper triangular matrix\n",
        "$$ L  =  \\Lambda_1^{-1}  \\Lambda_2^{-1} \\ldots  \\Lambda_{n-1}^{-1} m = (-\\Lambda_1) (-\\Lambda_2) \\ldots   (-\\Lambda_{n-1})  $$\n",
        "an lower triangular matrix."
      ]
    },
    {
      "cell_type": "markdown",
      "metadata": {
        "id": "dmO1wEA5zVVS"
      },
      "source": [
        "Consider a simple naive implementation of the LU decomposition.\n",
        "\n",
        "Note that we're using the `numpy` arrays to represent matrices [do **not** use `np.matrix`]."
      ]
    },
    {
      "cell_type": "code",
      "metadata": {
        "id": "0jzv0-yyzDM2"
      },
      "source": [
        "import numpy as np\n",
        "\n",
        "def diy_lu(a):\n",
        "    \"\"\"Construct the LU decomposition of the input matrix.\n",
        "\n",
        "    Naive LU decomposition: work column by column, accumulate elementary triangular matrices.\n",
        "    No pivoting.\n",
        "    \"\"\"\n",
        "    N = a.shape[0]\n",
        "\n",
        "    u = a.copy()\n",
        "    L = np.eye(N)\n",
        "    for j in range(N-1):\n",
        "        lam = np.eye(N)\n",
        "        gamma = u[j+1:, j] / u[j, j]\n",
        "        lam[j+1:, j] = -gamma\n",
        "        u = lam @ u\n",
        "\n",
        "        lam[j+1:, j] = gamma\n",
        "        L = L @ lam\n",
        "    return L, u"
      ],
      "execution_count": null,
      "outputs": []
    },
    {
      "cell_type": "code",
      "metadata": {
        "colab": {
          "base_uri": "https://localhost:8080/"
        },
        "id": "yW-cZc_qzd0Z",
        "outputId": "fa6a7503-af08-4c88-989e-9f1a3a5cee4c"
      },
      "source": [
        "# Now, generate a full rank matrix and test the naive implementation\n",
        "\n",
        "import numpy as np\n",
        "\n",
        "N = 6\n",
        "A = np.zeros((N, N), dtype=float)\n",
        "for i in range(N):\n",
        "    for j in range(N):\n",
        "        A[i, j] = 3. / (0.6*i*j + 1)\n",
        "\n",
        "np.linalg.matrix_rank(A)"
      ],
      "execution_count": null,
      "outputs": [
        {
          "output_type": "execute_result",
          "data": {
            "text/plain": [
              "6"
            ]
          },
          "metadata": {},
          "execution_count": 27
        }
      ]
    },
    {
      "cell_type": "code",
      "metadata": {
        "colab": {
          "base_uri": "https://localhost:8080/"
        },
        "id": "MJs7LATHzhZq",
        "outputId": "3f85638b-c9a6-4398-b660-b44b1e018dba"
      },
      "source": [
        "np.round(A,3)"
      ],
      "execution_count": null,
      "outputs": [
        {
          "output_type": "execute_result",
          "data": {
            "text/plain": [
              "array([[3.   , 3.   , 3.   , 3.   , 3.   , 3.   ],\n",
              "       [3.   , 1.875, 1.364, 1.071, 0.882, 0.75 ],\n",
              "       [3.   , 1.364, 0.882, 0.652, 0.517, 0.429],\n",
              "       [3.   , 1.071, 0.652, 0.469, 0.366, 0.3  ],\n",
              "       [3.   , 0.882, 0.517, 0.366, 0.283, 0.231],\n",
              "       [3.   , 0.75 , 0.429, 0.3  , 0.231, 0.188]])"
            ]
          },
          "metadata": {},
          "execution_count": 28
        }
      ]
    },
    {
      "cell_type": "code",
      "metadata": {
        "colab": {
          "base_uri": "https://localhost:8080/"
        },
        "id": "Y21gOqQ8zsqp",
        "outputId": "10fa4e49-7493-400b-b356-fb9514e1fdad"
      },
      "source": [
        "L, U = diy_lu(A)\n",
        "\n",
        "print(np.round(L,3), \"\\n\")\n",
        "print(np.round(U,3), \"\\n\")\n",
        "\n",
        "# Quick sanity check: L times U must equal the original matrix, up to floating-point errors.\n",
        "print(np.round(L@U - A,3))"
      ],
      "execution_count": null,
      "outputs": [
        {
          "output_type": "stream",
          "name": "stdout",
          "text": [
            "[[1.    0.    0.    0.    0.    0.   ]\n",
            " [1.    1.    0.    0.    0.    0.   ]\n",
            " [1.    1.455 1.    0.    0.    0.   ]\n",
            " [1.    1.714 1.742 1.    0.    0.   ]\n",
            " [1.    1.882 2.276 2.039 1.    0.   ]\n",
            " [1.    2.    2.671 2.944 2.354 1.   ]] \n",
            "\n",
            "[[ 3.000e+00  3.000e+00  3.000e+00  3.000e+00  3.000e+00  3.000e+00]\n",
            " [ 0.000e+00 -1.125e+00 -1.636e+00 -1.929e+00 -2.118e+00 -2.250e+00]\n",
            " [ 0.000e+00  0.000e+00  2.630e-01  4.570e-01  5.970e-01  7.010e-01]\n",
            " [ 0.000e+00  0.000e+00  0.000e+00 -2.200e-02 -4.500e-02 -6.500e-02]\n",
            " [ 0.000e+00 -0.000e+00  0.000e+00  0.000e+00  1.000e-03  2.000e-03]\n",
            " [ 0.000e+00  0.000e+00  0.000e+00 -0.000e+00  0.000e+00 -0.000e+00]] \n",
            "\n",
            "[[ 0.  0.  0.  0.  0.  0.]\n",
            " [ 0.  0.  0.  0.  0.  0.]\n",
            " [ 0.  0. -0.  0.  0. -0.]\n",
            " [ 0.  0.  0. -0. -0.  0.]\n",
            " [ 0.  0.  0. -0. -0.  0.]\n",
            " [ 0.  0. -0. -0.  0.  0.]]\n"
          ]
        }
      ]
    },
    {
      "cell_type": "markdown",
      "metadata": {
        "id": "oSvHYsWuza06"
      },
      "source": [
        "# II. The need for pivoting"
      ]
    },
    {
      "cell_type": "markdown",
      "metadata": {
        "id": "B6z9Gausz4lS"
      },
      "source": [
        "Let's tweak the matrix a little bit, we only change a single element:"
      ]
    },
    {
      "cell_type": "code",
      "metadata": {
        "id": "tkGx4QSTzxOo"
      },
      "source": [
        "A1 = A.copy()\n",
        "A1[1, 1] = 3"
      ],
      "execution_count": null,
      "outputs": []
    },
    {
      "cell_type": "code",
      "source": [
        "np.round(A1,3)"
      ],
      "metadata": {
        "colab": {
          "base_uri": "https://localhost:8080/"
        },
        "id": "TRC3nCQCkISv",
        "outputId": "b8d91cec-b643-4a25-9d90-bb23d63e1cac"
      },
      "execution_count": null,
      "outputs": [
        {
          "output_type": "execute_result",
          "data": {
            "text/plain": [
              "array([[3.   , 3.   , 3.   , 3.   , 3.   , 3.   ],\n",
              "       [3.   , 3.   , 1.364, 1.071, 0.882, 0.75 ],\n",
              "       [3.   , 1.364, 0.882, 0.652, 0.517, 0.429],\n",
              "       [3.   , 1.071, 0.652, 0.469, 0.366, 0.3  ],\n",
              "       [3.   , 0.882, 0.517, 0.366, 0.283, 0.231],\n",
              "       [3.   , 0.75 , 0.429, 0.3  , 0.231, 0.188]])"
            ]
          },
          "metadata": {},
          "execution_count": 31
        }
      ]
    },
    {
      "cell_type": "code",
      "metadata": {
        "colab": {
          "base_uri": "https://localhost:8080/"
        },
        "id": "dotDoRQ0jT71",
        "outputId": "1f53c493-927a-4ab2-8f72-716e752bf804"
      },
      "source": [
        "np.linalg.matrix_rank(A1)"
      ],
      "execution_count": null,
      "outputs": [
        {
          "output_type": "execute_result",
          "data": {
            "text/plain": [
              "6"
            ]
          },
          "metadata": {},
          "execution_count": 32
        }
      ]
    },
    {
      "cell_type": "code",
      "metadata": {
        "colab": {
          "base_uri": "https://localhost:8080/"
        },
        "id": "NfvRXF3l0Czz",
        "outputId": "9f060cce-d3f5-466a-a12c-4a3c2e77ef92"
      },
      "source": [
        "L, U= diy_lu(A1)\n",
        "\n",
        "print(L, U)"
      ],
      "execution_count": null,
      "outputs": [
        {
          "output_type": "stream",
          "name": "stdout",
          "text": [
            "[[nan nan nan nan nan nan]\n",
            " [nan nan nan nan nan nan]\n",
            " [nan nan nan nan nan nan]\n",
            " [nan nan nan nan nan nan]\n",
            " [nan nan nan nan nan nan]\n",
            " [nan nan nan nan nan nan]] [[nan nan nan nan nan nan]\n",
            " [nan nan nan nan nan nan]\n",
            " [nan nan nan nan nan nan]\n",
            " [nan nan nan nan nan nan]\n",
            " [nan nan nan nan nan nan]\n",
            " [nan nan nan nan nan nan]]\n"
          ]
        },
        {
          "output_type": "stream",
          "name": "stderr",
          "text": [
            "<ipython-input-26-d151c0ea51fb>:15: RuntimeWarning: divide by zero encountered in divide\n",
            "  gamma = u[j+1:, j] / u[j, j]\n",
            "<ipython-input-26-d151c0ea51fb>:17: RuntimeWarning: invalid value encountered in matmul\n",
            "  u = lam @ u\n",
            "<ipython-input-26-d151c0ea51fb>:20: RuntimeWarning: invalid value encountered in matmul\n",
            "  L = L @ lam\n",
            "<ipython-input-26-d151c0ea51fb>:15: RuntimeWarning: invalid value encountered in divide\n",
            "  gamma = u[j+1:, j] / u[j, j]\n"
          ]
        }
      ]
    },
    {
      "cell_type": "markdown",
      "source": [
        "The LU decomposition from scipy.linalg.lu already implements pivoting other sophisticated controls\n",
        "\n",
        "https://docs.scipy.org/doc/scipy/reference/generated/scipy.linalg.lu.html\n",
        "\n",
        "$$A = P L U$$\n",
        "\n",
        "```python\n",
        "\n",
        " P ,  L,  U  = scipy.linalg.lu(a, permute_l=False, overwrite_a=False, check_finite=True)\n",
        "\n",
        "# Returns\n",
        "# (If permute_l == False)\n",
        "# P : Permutation matrix\n",
        "# L : Lower triangular or trapezoidal matrix with unit diagonal. K = min\n",
        "# U : Upper triangular or trapezoidal matrix\n",
        "```"
      ],
      "metadata": {
        "id": "1wOBYHGcyIRG"
      }
    },
    {
      "cell_type": "code",
      "source": [
        "from scipy import linalg\n",
        "P ,  L,  U = linalg.lu(A)\n",
        "\n",
        "print(\"P\\n\",P, \"\\n\")\n",
        "print(\"L\\n\",L, \"\\n\")\n",
        "print(\"U\\n\",np.round(U,3), \"\\n\")\n",
        "print(\"A= P@L@U\\n\", P@L@U, \"\\n\")\n",
        "print(\"A\\n\",A, \"\\n\")\n"
      ],
      "metadata": {
        "colab": {
          "base_uri": "https://localhost:8080/"
        },
        "id": "npXQN18nyHS_",
        "outputId": "08057593-fc83-4c66-dfaa-4b53bcd8e85c"
      },
      "execution_count": null,
      "outputs": [
        {
          "output_type": "stream",
          "name": "stdout",
          "text": [
            "P\n",
            " [[1. 0. 0. 0. 0. 0.]\n",
            " [0. 0. 1. 0. 0. 0.]\n",
            " [0. 0. 0. 1. 0. 0.]\n",
            " [0. 0. 0. 0. 1. 0.]\n",
            " [0. 0. 0. 0. 0. 1.]\n",
            " [0. 1. 0. 0. 0. 0.]] \n",
            "\n",
            "L\n",
            " [[1.         0.         0.         0.         0.         0.        ]\n",
            " [1.         1.         0.         0.         0.         0.        ]\n",
            " [1.         0.5        1.         0.         0.         0.        ]\n",
            " [1.         0.72727273 0.70588235 1.         0.         0.        ]\n",
            " [1.         0.85714286 0.40993789 0.83482143 1.         0.        ]\n",
            " [1.         0.94117647 0.17849899 0.4255677  0.78870221 1.        ]] \n",
            "\n",
            "U\n",
            " [[ 3.000e+00  3.000e+00  3.000e+00  3.000e+00  3.000e+00  3.000e+00]\n",
            " [ 0.000e+00 -2.250e+00 -2.571e+00 -2.700e+00 -2.769e+00 -2.812e+00]\n",
            " [ 0.000e+00  0.000e+00 -3.510e-01 -5.790e-01 -7.330e-01 -8.440e-01]\n",
            " [ 0.000e+00  0.000e+00  0.000e+00  2.400e-02  4.900e-02  7.000e-02]\n",
            " [ 0.000e+00  0.000e+00  0.000e+00  0.000e+00 -1.000e-03 -2.000e-03]\n",
            " [ 0.000e+00  0.000e+00  0.000e+00  0.000e+00  0.000e+00  0.000e+00]] \n",
            "\n",
            "A= P@L@U\n",
            " [[3.         3.         3.         3.         3.         3.        ]\n",
            " [3.         1.875      1.36363636 1.07142857 0.88235294 0.75      ]\n",
            " [3.         1.36363636 0.88235294 0.65217391 0.51724138 0.42857143]\n",
            " [3.         1.07142857 0.65217391 0.46875    0.36585366 0.3       ]\n",
            " [3.         0.88235294 0.51724138 0.36585366 0.28301887 0.23076923]\n",
            " [3.         0.75       0.42857143 0.3        0.23076923 0.1875    ]] \n",
            "\n",
            "A\n",
            " [[3.         3.         3.         3.         3.         3.        ]\n",
            " [3.         1.875      1.36363636 1.07142857 0.88235294 0.75      ]\n",
            " [3.         1.36363636 0.88235294 0.65217391 0.51724138 0.42857143]\n",
            " [3.         1.07142857 0.65217391 0.46875    0.36585366 0.3       ]\n",
            " [3.         0.88235294 0.51724138 0.36585366 0.28301887 0.23076923]\n",
            " [3.         0.75       0.42857143 0.3        0.23076923 0.1875    ]] \n",
            "\n"
          ]
        }
      ]
    },
    {
      "cell_type": "code",
      "source": [
        "P ,  L,  U = linalg.lu(A1)\n",
        "\n",
        "print(\"P\\n\",P, \"\\n\")\n",
        "print(\"L\\n\",L, \"\\n\")\n",
        "print(\"U\\n\",np.round(U,3), \"\\n\")\n",
        "print(\"A= P@L@U\\n\", P@L@U, \"\\n\")\n",
        "print(\"A\\n\",A, \"\\n\")\n"
      ],
      "metadata": {
        "colab": {
          "base_uri": "https://localhost:8080/"
        },
        "id": "U31oKbCWzKXe",
        "outputId": "8fb47936-eecd-4e96-84fb-48289f5a7ceb"
      },
      "execution_count": null,
      "outputs": [
        {
          "output_type": "stream",
          "name": "stdout",
          "text": [
            "P\n",
            " [[1. 0. 0. 0. 0. 0.]\n",
            " [0. 0. 1. 0. 0. 0.]\n",
            " [0. 0. 0. 1. 0. 0.]\n",
            " [0. 0. 0. 0. 1. 0.]\n",
            " [0. 0. 0. 0. 0. 1.]\n",
            " [0. 1. 0. 0. 0. 0.]] \n",
            "\n",
            "L\n",
            " [[ 1.          0.          0.          0.          0.          0.        ]\n",
            " [ 1.          1.          0.          0.          0.          0.        ]\n",
            " [ 1.         -0.          1.          0.          0.          0.        ]\n",
            " [ 1.          0.72727273  0.1512605   1.          0.          0.        ]\n",
            " [ 1.          0.85714286  0.08784383  0.51421669  1.          0.        ]\n",
            " [ 1.          0.94117647  0.03824978  0.2076544   0.64143198  1.        ]] \n",
            "\n",
            "U\n",
            " [[ 3.000e+00  3.000e+00  3.000e+00  3.000e+00  3.000e+00  3.000e+00]\n",
            " [ 0.000e+00 -2.250e+00 -2.571e+00 -2.700e+00 -2.769e+00 -2.812e+00]\n",
            " [ 0.000e+00  0.000e+00 -1.636e+00 -1.929e+00 -2.118e+00 -2.250e+00]\n",
            " [ 0.000e+00  0.000e+00  0.000e+00 -9.200e-02 -1.480e-01 -1.860e-01]\n",
            " [ 0.000e+00  0.000e+00  0.000e+00  0.000e+00  2.000e-03  4.000e-03]\n",
            " [ 0.000e+00  0.000e+00  0.000e+00  0.000e+00  0.000e+00 -0.000e+00]] \n",
            "\n",
            "A= P@L@U\n",
            " [[3.         3.         3.         3.         3.         3.        ]\n",
            " [3.         3.         1.36363636 1.07142857 0.88235294 0.75      ]\n",
            " [3.         1.36363636 0.88235294 0.65217391 0.51724138 0.42857143]\n",
            " [3.         1.07142857 0.65217391 0.46875    0.36585366 0.3       ]\n",
            " [3.         0.88235294 0.51724138 0.36585366 0.28301887 0.23076923]\n",
            " [3.         0.75       0.42857143 0.3        0.23076923 0.1875    ]] \n",
            "\n",
            "A\n",
            " [[3.         3.         3.         3.         3.         3.        ]\n",
            " [3.         1.875      1.36363636 1.07142857 0.88235294 0.75      ]\n",
            " [3.         1.36363636 0.88235294 0.65217391 0.51724138 0.42857143]\n",
            " [3.         1.07142857 0.65217391 0.46875    0.36585366 0.3       ]\n",
            " [3.         0.88235294 0.51724138 0.36585366 0.28301887 0.23076923]\n",
            " [3.         0.75       0.42857143 0.3        0.23076923 0.1875    ]] \n",
            "\n"
          ]
        }
      ]
    },
    {
      "cell_type": "markdown",
      "metadata": {
        "id": "OqWxeK450I58"
      },
      "source": [
        "### Test II.1\n",
        "\n",
        "For a naive LU decomposition to work, all leading minors of a matrix should be non-zero. Check if this requirement is satisfied for the two matrices `a` and `a1`.\n",
        "\n",
        "(20% of the grade)"
      ]
    },
    {
      "cell_type": "code",
      "metadata": {
        "colab": {
          "base_uri": "https://localhost:8080/"
        },
        "id": "qCf9-MUqN927",
        "outputId": "d39260bb-20b5-4495-8968-7ddf86d1c4c1"
      },
      "source": [
        "def leading_minors_test(A):\n",
        "   \"\"\"\n",
        "    Function to check all leading Minors of a Matrix not equal to 0\n",
        "   \"\"\"\n",
        "    # ... ENTER YOUR CODE HERE ...\n",
        "\n",
        "leading_minors_test(A), leading_minors_test(A1)"
      ],
      "execution_count": null,
      "outputs": [
        {
          "output_type": "execute_result",
          "data": {
            "text/plain": [
              "(True, False)"
            ]
          },
          "metadata": {},
          "execution_count": 15
        }
      ]
    },
    {
      "cell_type": "markdown",
      "source": [
        "My own example"
      ],
      "metadata": {
        "id": "nnch56euPjzM"
      }
    },
    {
      "cell_type": "code",
      "source": [
        "def leading_minors_test(A):\n",
        "    \"\"\"\n",
        "        Function to check all leading Minors of a Matrix not equal to 0\n",
        "    \"\"\"\n",
        "    is_non_zero = True # Booleano que valida si la matriz es no cero\n",
        "    N = A.shape[0] # Tamaño de la matriz A\n",
        "    for i in range(N): # Iteración a traves de las columnas\n",
        "        A_copy = A.copy() # Copia de la matriz A\n",
        "        num_elimi = N - (i+1) # Número de columnas a eliminar a partir de la columna actual\n",
        "        print(f\"Número de columnas a eliminar: {num_elimi} i: {i}\") # Impresión de columnas a eliminar y la iteración actual\n",
        "\n",
        "        for j in range(num_elimi): # Iteración para encontrar las matrices menores principales\n",
        "            A_copy = np.delete(A_copy, -1, axis=0) # Eliminación de última fila\n",
        "            A_copy = np.delete(A_copy, -1, axis=1) # Eliminación de última columna\n",
        "\n",
        "        print(A_copy) # Impresión de matriz menor principal\n",
        "        det_A_copy = np.linalg.det(A_copy) # Determinante de la matriz resultante de la eliminación\n",
        "        print(f\"Determinante: {det_A_copy}\\n\")\n",
        "\n",
        "        if(det_A_copy == 0): # Verifica si el determinante es cero\n",
        "            is_non_zero = False # Se establece como falso\n",
        "            return is_non_zero # Retorno resultado\n",
        "\n",
        "    return is_non_zero # Retorno resultado\n",
        "\n",
        "\n",
        "leading_minors_test(A), leading_minors_test(A1)"
      ],
      "metadata": {
        "colab": {
          "base_uri": "https://localhost:8080/"
        },
        "id": "a0RDmv5xPl3O",
        "outputId": "4ef3cb1f-a0f9-437c-87f3-edf30351e7b5"
      },
      "execution_count": null,
      "outputs": [
        {
          "output_type": "stream",
          "name": "stdout",
          "text": [
            "Número de columnas a eliminar: 5 i: 0\n",
            "[[3.]]\n",
            "Determinante: 3.0000000000000004\n",
            "\n",
            "Número de columnas a eliminar: 4 i: 1\n",
            "[[3.    3.   ]\n",
            " [3.    1.875]]\n",
            "Determinante: -3.375\n",
            "\n",
            "Número de columnas a eliminar: 3 i: 2\n",
            "[[3.         3.         3.        ]\n",
            " [3.         1.875      1.36363636]\n",
            " [3.         1.36363636 0.88235294]]\n",
            "Determinante: -0.8859990277102598\n",
            "\n",
            "Número de columnas a eliminar: 2 i: 3\n",
            "[[3.         3.         3.         3.        ]\n",
            " [3.         1.875      1.36363636 1.07142857]\n",
            " [3.         1.36363636 0.88235294 0.65217391]\n",
            " [3.         1.07142857 0.65217391 0.46875   ]]\n",
            "Determinante: 0.019467001032005795\n",
            "\n",
            "Número de columnas a eliminar: 1 i: 4\n",
            "[[3.         3.         3.         3.         3.        ]\n",
            " [3.         1.875      1.36363636 1.07142857 0.88235294]\n",
            " [3.         1.36363636 0.88235294 0.65217391 0.51724138]\n",
            " [3.         1.07142857 0.65217391 0.46875    0.36585366]\n",
            " [3.         0.88235294 0.51724138 0.36585366 0.28301887]]\n",
            "Determinante: 1.5728974209748546e-05\n",
            "\n",
            "Número de columnas a eliminar: 0 i: 5\n",
            "[[3.         3.         3.         3.         3.         3.        ]\n",
            " [3.         1.875      1.36363636 1.07142857 0.88235294 0.75      ]\n",
            " [3.         1.36363636 0.88235294 0.65217391 0.51724138 0.42857143]\n",
            " [3.         1.07142857 0.65217391 0.46875    0.36585366 0.3       ]\n",
            " [3.         0.88235294 0.51724138 0.36585366 0.28301887 0.23076923]\n",
            " [3.         0.75       0.42857143 0.3        0.23076923 0.1875    ]]\n",
            "Determinante: -2.4923994636580374e-10\n",
            "\n",
            "Número de columnas a eliminar: 5 i: 0\n",
            "[[3.]]\n",
            "Determinante: 3.0000000000000004\n",
            "\n",
            "Número de columnas a eliminar: 4 i: 1\n",
            "[[3. 3.]\n",
            " [3. 3.]]\n",
            "Determinante: 0.0\n",
            "\n"
          ]
        },
        {
          "output_type": "execute_result",
          "data": {
            "text/plain": [
              "(True, False)"
            ]
          },
          "metadata": {},
          "execution_count": 36
        }
      ]
    },
    {
      "cell_type": "markdown",
      "source": [
        "\n",
        "\n",
        "---\n",
        "\n"
      ],
      "metadata": {
        "id": "arz1eHLrPmXV"
      }
    },
    {
      "cell_type": "markdown",
      "metadata": {
        "id": "Qs8AJkWd0XXQ"
      },
      "source": [
        "### Test II.2\n",
        "\n",
        "Modify the `diy_lu` routine to implement column pivoting. Keep track of pivots, you can either construct a permutation matrix, or a swap array (your choice).\n",
        "\n",
        "(40% of the grade)\n",
        "\n",
        "Implement a function to reconstruct the original matrix from a decompositon. Test your routines on the matrices `a` and `a1`.\n",
        "\n",
        "(40% of the grade)"
      ]
    },
    {
      "cell_type": "markdown",
      "metadata": {
        "id": "tUb6w3y60eyP"
      },
      "source": [
        "# 2. $LU$ factorization column pivoting and reconstruction\n",
        "When we premultply $A$ by elementary permutation matricex$P_j$( to find a good pivot) and then premultply by lower triangular elemetary matrices $\\Lambda_j$, $A$  it is transformed in an  upper triangular matrix $U$\n",
        "\n",
        "$$  \n",
        "(\\Lambda_{n-1} P_{n-1} \\ldots \\Lambda_2 P_2 \\Lambda_1 P_1)A  = U\n",
        "$$\n",
        "and\n",
        "$$  \n",
        "A  = (\\Lambda_{n-1} P_{n-1} \\ldots \\Lambda_2 P_2 \\Lambda_1 P_1)^{-1} U\n",
        "$$\n",
        "\n",
        "\n",
        "So the $LU$ column pivot factorization of $A$ is\n",
        "$$\n",
        "A = LU\n",
        "$$\n",
        "ith\n",
        "$$  \n",
        "U = (\\Lambda_{n-1} P_{n-1} \\ldots \\Lambda_2 P_2 \\Lambda_1 P_1) A\n",
        "$$\n",
        "$$\n",
        "\\begin{array}{ll}L  &=  (\\Lambda_{n-1} P_{n-1} \\ldots \\Lambda_2 P_2 \\Lambda_1 P_1)^{-1}\\\\\n",
        "&= P_1^{-1} \\Lambda_1^{-1} P_2^{-1} \\Lambda_2^{-1} \\ldots  P_{n-1}^{-1}\\\\\n",
        " &= P_1^{t} (-\\Lambda_1) P_2^{t} (-\\Lambda_2) \\ldots  P_{n-1}^{t} (-\\Lambda_{n-1})\n",
        "\\end{array}\n",
        "$$\n",
        "because the inverse a of a Lower Triangular Elemetary Matrix is minus the matrix $\\Lambda_i^{-1} = - \\Lambda_i$ and the inverse of a Permutation Matrix (in particular an elementary permutation matrix)  is its transpose [math.stackexchange](\n",
        "        https://math.stackexchange.com/questions/98549/the-transpose-of-a-permutation-matrix-is-its-inverse#:~:text=Taking%20the%20transpose%20of%20P,Pt%3DP%E2%88%921.)  $P_i^{-1}=P_i^{t}$.\n",
        "\n",
        "Note that\n",
        "$$\n",
        "L= P_1^{t} (-\\Lambda_1) P_2^{t} (-\\Lambda_2) \\ldots  P_{n-1}^{t} (-\\Lambda_{n-1})\n",
        "$$\n",
        "is not exactly a lower tiangular matrix but a row permutated lower tiangular matrix.\n",
        "\n",
        "\n",
        "\n"
      ]
    },
    {
      "cell_type": "markdown",
      "source": [
        "$$PA = LU$$"
      ],
      "metadata": {
        "id": "nV8IGs1Zrzu6"
      }
    },
    {
      "cell_type": "markdown",
      "source": [
        "*Punto 1*"
      ],
      "metadata": {
        "id": "A_1TloAC6YE-"
      }
    },
    {
      "cell_type": "markdown",
      "source": [
        "My own example"
      ],
      "metadata": {
        "id": "_W3u_ZgYa1sz"
      }
    },
    {
      "cell_type": "code",
      "source": [
        "import numpy as np\n",
        "\n",
        "def diy_lu_column_pivot_reconstruct(A):\n",
        "    \"\"\"Construct the LU decomposition of the input matrix with column pivoting.\n",
        "    LU decomposition with pivot: work column by column, accumulate elementary triangular matrices L @ np.transpose(Pj).\n",
        "    \"\"\"\n",
        "    # ... ENTER YOUR CODE HERE ...\n",
        "\n",
        "    N = A.shape[0] # Tamaño de la matriz original A\n",
        "    P = np.eye(N) # Inicialización de matriz de permutación con una matriz identidad\n",
        "    U = A.copy() # Inicialización de matriz U como una copia de A\n",
        "    L = np.eye(N) # Inicialización de matriz L como matriz identidad\n",
        "    swaps = np.arange(N) # Array de swaps o intercambios de columnas, se crea como un rango hasta N\n",
        "\n",
        "    for j in range(N-1): # Se iteran todas las columnas de A, exceptuando la última\n",
        "\n",
        "        max_row = np.argmax(np.abs(U[j:, j])) + j # Encuentra en la columna, el indice de la fila con mayor valor absoluto\n",
        "        if max_row != j: # Verifica que el indice del máximo no sea la j, para hacer el intercambio\n",
        "        # Si max_row == j, no sería necesario intercambiar, puesto que max_row estaría en la posición correcta\n",
        "            U[[j, max_row], j:] = U[[max_row, j], j:] # Intercambio de filas actual y max en U\n",
        "            L[[j, max_row], :j] = L[[max_row, j], :j] # Intercambio de filas actual y max en L\n",
        "            swaps[j], swaps[max_row] = swaps[max_row], swaps[j] # Registro de columna intercambiada\n",
        "\n",
        "        lam = np.eye(N) # Matriz elemental triangular inferior para eliminar los elementos debajo del pivote\n",
        "        gamma = U[j+1:, j] / U[j, j] # Vector de multiplicadores necesarios para lam\n",
        "        lam[j+1:, j] = -gamma # Actualización de lam (en parte inferior de col j) con los valores negativos de gamma\n",
        "        U = lam @ U # Eliminación gaussiana en U\n",
        "\n",
        "        lam[j+1:, j] = gamma # Actualización de lam (parte inferior de col j) con los positivos de gamma\n",
        "        L = L @ lam # Eliminación gaussiana en L\n",
        "\n",
        "    P = np.eye(N)[:, swaps] # Contrucción de matriz de permutaciones con los intercambios registrados en swaps\n",
        "\n",
        "    return P, L, U # Retorno de matrices\n",
        "diy_lu_column_pivot_reconstruct(A) # Prueba con A"
      ],
      "metadata": {
        "colab": {
          "base_uri": "https://localhost:8080/"
        },
        "id": "43dlWrNEfobf",
        "outputId": "ae3a1a59-77dc-49c8-867e-e000b6488bc0"
      },
      "execution_count": null,
      "outputs": [
        {
          "output_type": "execute_result",
          "data": {
            "text/plain": [
              "(array([[1., 0., 0., 0., 0., 0.],\n",
              "        [0., 0., 1., 0., 0., 0.],\n",
              "        [0., 0., 0., 1., 0., 0.],\n",
              "        [0., 0., 0., 0., 1., 0.],\n",
              "        [0., 0., 0., 0., 0., 1.],\n",
              "        [0., 1., 0., 0., 0., 0.]]),\n",
              " array([[1.        , 0.        , 0.        , 0.        , 0.        ,\n",
              "         0.        ],\n",
              "        [1.        , 1.        , 0.        , 0.        , 0.        ,\n",
              "         0.        ],\n",
              "        [1.        , 0.5       , 1.        , 0.        , 0.        ,\n",
              "         0.        ],\n",
              "        [1.        , 0.72727273, 0.70588235, 1.        , 0.        ,\n",
              "         0.        ],\n",
              "        [1.        , 0.85714286, 0.40993789, 0.83482143, 1.        ,\n",
              "         0.        ],\n",
              "        [1.        , 0.94117647, 0.17849899, 0.4255677 , 0.78870221,\n",
              "         1.        ]]),\n",
              " array([[ 3.00000000e+00,  3.00000000e+00,  3.00000000e+00,\n",
              "          3.00000000e+00,  3.00000000e+00,  3.00000000e+00],\n",
              "        [ 0.00000000e+00, -2.25000000e+00, -2.57142857e+00,\n",
              "         -2.70000000e+00, -2.76923077e+00, -2.81250000e+00],\n",
              "        [ 0.00000000e+00,  0.00000000e+00, -3.50649351e-01,\n",
              "         -5.78571429e-01, -7.33031674e-01, -8.43750000e-01],\n",
              "        [ 0.00000000e+00,  2.22044605e-16,  0.00000000e+00,\n",
              "          2.42136380e-02,  4.86615163e-02,  6.96142093e-02],\n",
              "        [ 0.00000000e+00, -9.44950127e-17,  0.00000000e+00,\n",
              "          0.00000000e+00, -6.46187856e-04, -1.51605479e-03],\n",
              "        [ 0.00000000e+00, -1.10839169e-16,  2.77555756e-17,\n",
              "          0.00000000e+00,  0.00000000e+00,  6.73010748e-06]]))"
            ]
          },
          "metadata": {},
          "execution_count": 37
        }
      ]
    },
    {
      "cell_type": "markdown",
      "source": [
        "*Punto 2*"
      ],
      "metadata": {
        "id": "8Sy9NGmHvrhG"
      }
    },
    {
      "cell_type": "code",
      "source": [
        "import numpy as np\n",
        "\n",
        "def reconstruct_matrix(P, L, U):\n",
        "    N = P.shape[0] # Número de filas\n",
        "    M = L.shape[0] # Número de columnas\n",
        "\n",
        "    if P.shape != (N, N) or L.shape != (M, N) or U.shape != (N, N): # Verifica los tamaños de matrices\n",
        "        raise ValueError(\"Las matrices P, L o U no cuentan con las dimensiones apropiadas\")\n",
        "\n",
        "    return P @ L @ U # Realiza la multiplicacion de matrices a partir de P, L y U, que reconstruye A\n",
        "\n",
        "# Ejemplo con A y A1\n",
        "P_A,L_A,U_A = diy_lu_column_pivot_reconstruct(A)\n",
        "P_A1,L_A1,U_A1 = diy_lu_column_pivot_reconstruct(A1)\n",
        "\n",
        "\n",
        "print(f\"Matriz original A: \\n{A}\\n\")\n",
        "print(f\"Matriz reconstruida A: \\n{reconstruct_matrix(P_A,L_A,U_A)}\\n\")\n",
        "print(f\"Matriz original A1: \\n{A1}\\n\")\n",
        "print(f\"Matriz reconstruida A1: \\n{reconstruct_matrix(P_A1,L_A1,U_A1)}\\n\")"
      ],
      "metadata": {
        "colab": {
          "base_uri": "https://localhost:8080/"
        },
        "id": "6jUWeO4Gvsh4",
        "outputId": "cfb45f3b-6a74-4cb7-b130-44035f9e5046"
      },
      "execution_count": null,
      "outputs": [
        {
          "output_type": "stream",
          "name": "stdout",
          "text": [
            "Matriz original A: \n",
            "[[3.         3.         3.         3.         3.         3.        ]\n",
            " [3.         1.875      1.36363636 1.07142857 0.88235294 0.75      ]\n",
            " [3.         1.36363636 0.88235294 0.65217391 0.51724138 0.42857143]\n",
            " [3.         1.07142857 0.65217391 0.46875    0.36585366 0.3       ]\n",
            " [3.         0.88235294 0.51724138 0.36585366 0.28301887 0.23076923]\n",
            " [3.         0.75       0.42857143 0.3        0.23076923 0.1875    ]]\n",
            "\n",
            "Matriz reconstruida A: \n",
            "[[3.         3.         3.         3.         3.         3.        ]\n",
            " [3.         1.875      1.36363636 1.07142857 0.88235294 0.75      ]\n",
            " [3.         1.36363636 0.88235294 0.65217391 0.51724138 0.42857143]\n",
            " [3.         1.07142857 0.65217391 0.46875    0.36585366 0.3       ]\n",
            " [3.         0.88235294 0.51724138 0.36585366 0.28301887 0.23076923]\n",
            " [3.         0.75       0.42857143 0.3        0.23076923 0.1875    ]]\n",
            "\n",
            "Matriz original A1: \n",
            "[[3.         3.         3.         3.         3.         3.        ]\n",
            " [3.         3.         1.36363636 1.07142857 0.88235294 0.75      ]\n",
            " [3.         1.36363636 0.88235294 0.65217391 0.51724138 0.42857143]\n",
            " [3.         1.07142857 0.65217391 0.46875    0.36585366 0.3       ]\n",
            " [3.         0.88235294 0.51724138 0.36585366 0.28301887 0.23076923]\n",
            " [3.         0.75       0.42857143 0.3        0.23076923 0.1875    ]]\n",
            "\n",
            "Matriz reconstruida A1: \n",
            "[[3.         3.         3.         3.         3.         3.        ]\n",
            " [3.         3.         1.36363636 1.07142857 0.88235294 0.75      ]\n",
            " [3.         1.36363636 0.88235294 0.65217391 0.51724138 0.42857143]\n",
            " [3.         1.07142857 0.65217391 0.46875    0.36585366 0.3       ]\n",
            " [3.         0.88235294 0.51724138 0.36585366 0.28301887 0.23076923]\n",
            " [3.         0.75       0.42857143 0.3        0.23076923 0.1875    ]]\n",
            "\n"
          ]
        }
      ]
    },
    {
      "cell_type": "markdown",
      "source": [
        "\n",
        "\n",
        "---\n",
        "\n"
      ],
      "metadata": {
        "id": "wLDinHS659R-"
      }
    },
    {
      "cell_type": "markdown",
      "source": [
        "Prueba con linalg.lu"
      ],
      "metadata": {
        "id": "Nzl_RbZwwcUt"
      }
    },
    {
      "cell_type": "code",
      "source": [
        "P_2, L_2, U_2 = linalg.lu(A)\n",
        "print(\"Original\")\n",
        "print(A)\n",
        "print(\"Construida\")\n",
        "print(np.transpose(P_2) @ L_2 @ U_2)"
      ],
      "metadata": {
        "colab": {
          "base_uri": "https://localhost:8080/"
        },
        "id": "eiQ_bNHf1A5P",
        "outputId": "655e8efa-4f29-49e2-c289-a52874a0f4a9"
      },
      "execution_count": null,
      "outputs": [
        {
          "output_type": "stream",
          "name": "stdout",
          "text": [
            "Original\n",
            "[[3.         3.         3.         3.         3.         3.        ]\n",
            " [3.         1.875      1.36363636 1.07142857 0.88235294 0.75      ]\n",
            " [3.         1.36363636 0.88235294 0.65217391 0.51724138 0.42857143]\n",
            " [3.         1.07142857 0.65217391 0.46875    0.36585366 0.3       ]\n",
            " [3.         0.88235294 0.51724138 0.36585366 0.28301887 0.23076923]\n",
            " [3.         0.75       0.42857143 0.3        0.23076923 0.1875    ]]\n",
            "Construida\n",
            "[[3.         3.         3.         3.         3.         3.        ]\n",
            " [3.         0.88235294 0.51724138 0.36585366 0.28301887 0.23076923]\n",
            " [3.         0.75       0.42857143 0.3        0.23076923 0.1875    ]\n",
            " [3.         1.875      1.36363636 1.07142857 0.88235294 0.75      ]\n",
            " [3.         1.36363636 0.88235294 0.65217391 0.51724138 0.42857143]\n",
            " [3.         1.07142857 0.65217391 0.46875    0.36585366 0.3       ]]\n"
          ]
        }
      ]
    },
    {
      "cell_type": "markdown",
      "source": [
        "\n",
        "\n",
        "---\n",
        "\n"
      ],
      "metadata": {
        "id": "T4VXCHysa24w"
      }
    },
    {
      "cell_type": "code",
      "metadata": {
        "colab": {
          "base_uri": "https://localhost:8080/"
        },
        "id": "fhVlk2aj1Ux5",
        "outputId": "8156fbb4-ed6b-4157-d6e0-f9830235cb93"
      },
      "source": [
        "A = np.array([[4,3,1], [5,7,0], [9,9,3]])\n",
        "\n",
        "P, L, U, = diy_lu_column_pivot_reconstruct(A)\n",
        "\n",
        "print(\"P\\n\",P, \"\\n\")\n",
        "print(\"L\\n\",L, \"\\n\")\n",
        "print(\"U\\n\",U, \"\\n\")\n",
        "print(\"A= P@L@U\\n\", P@L@U, \"\\n\")\n",
        "print(\"A\\n\",A, \"\\n\")\n",
        "\n",
        "# Quick sanity check: L times U must equal the original matrix, up to floating-point errors.\n",
        "print(\"L@u - A\\n\",np.round(P@L@U-A,3), \"\\n\")"
      ],
      "execution_count": null,
      "outputs": [
        {
          "output_type": "stream",
          "name": "stdout",
          "text": [
